180,0
// ---------- INTRO ----------
1 2
2 3
2 2
2 3
2 2
2 3
2 0
2 1

2 2
2 3
2 2
2 3
2 2
2 3
2 0
2 1

2 0
0 1
2 3
2 2
2 3
2 2
2 3
2 0
2 1

2 2
2 3
2 2
2 3
2 2
2 3
2 0
2 1
1 0

// --------- VERSE 1-----------------

1 1
2 0
1 1
1 0
2 1
1 0
1 1
2 0
1 1
1 0
1 2
1 1
1 3

1 0
2 1
1 0
1 1
2 0
1 1
1 0
2 1
1 0
2 1
2 0

1 0
0 1
2 0
1 1
1 0
2 1
1 0
1 1
2 0
1 1
1 0
1 2
1 1
1 3

1 0
2 1
1 0
1 1
2 0
1 1
1 0
2 1
1 0
1 3
1 2
1 1
1 0

// -------------- BREAK --------------

1 3
2 0
1.5 1
1.5 0
1.5 1

1.5 2
2 1
1.5 0
1.5 1
1.5 0

1.5 3
2 0
1.5 1
1.5 0
1.5 1

1.5 2
2 1
1.5 0
1.5 1
1.5 0

// ------------------------------------

1.5 3
2 2
1 1
1 0
2 1
1 2
1 3

1.5 0
1.5 1
1 0
1.5 1
1.5 0

1 3
2 2
1 1
1 0
2 1
1 2
1 3

1.5 0
1.5 1
1 0
2 1

// ----------------- BUILDUP -------------------

2 0
0 3
2 2
2 3
2 2

2 3
2 2
2 3
2 2

2 0
0 3
2 2
0 1
2 3
2 2

2 3
2 2
2 3
2 2

2 0
0 1
2 3
1 2
1 3
2 2
1 3
1 2

2 3
1 2
1 3
2 2
1 3
1 2
0 1

2 3
1 2
1 3
2 2
1 3
1 2
2 2
0 1
2 3
0 0

// -------------------- VERSE 2 --------------

4 3
2 2
1 1
1 0
2 1
1 2
1 3

1.5 0
1.5 1
1 0
1.5 1
1.5 0

1 3
2 2
1 1
1 0
2 1
1 2
1 3

1.5 0
1.5 1
1 0
1.5 1
1.5 0


// ------------------------

1 1
0 2
2 0
1 1
1 2
1 1
1 0
1 3
1 2

1.5 0
1.5 1
1 0
1.5 1
1.5 0
1 3

2 2
1 1
1 0
1 3
1 2
1 1
1 0

2 1
1 1
1 1
1 0
1 3
1 2

// --------------------------

1 1
2 0
1 1
1 0
2 1
1 0
1 1
2 0
1 1
1 0
1 2
1 1
1 3

1 0
2 1
1 0
1 1
2 0
1 1
1 0
2 1
1 0
1 1
1 3
1 0
1 2

// ------------------------------------------------

1 1
0 0
2 0
1 1
1 0
2 1
1 0
1 1
2 0
1 1
1 0
1 2
1 1
1 3

1 0
2 1
1 0
1 1
2 0
1 1
1 0
2 1
1 0
1 1
1 3
1 0
1 2

1 0
0 1