180,0
// ---------- INTRO ----------
1 2
0.5 3
0.5 2
1 2
1 2
0.5 3
0.5 2
1 2
1 3
0.5 3
0.5 2
1 2
0.5 3
0.5 2
1 2
1 2
0.5 3
0.5 0
1 1
1 0
1 1
//-------------------
1 0
0 1
1 3
0.5 2
0.5 3
1 3
1 3
0.5 2
0.5 3
1 3
1 2
0.5 2
0.5 3
1 3
0.5 2
0.5 3
1 3
0.5 2
0.5 1
1 0
1 1
1 0
//-------------------
1 0
0 1
0.5 0
0 1
0.5 0
0 1
1 2
1 2
0.5 3
0.5 2
1 2
1 3
0.5 3
0.5 2
1 2
0.5 3
0.5 2
1 2
1 2
0.5 3
0.5 0
1 1
1 0
1 1
//----------------
1 0
0 1
1 3
0.5 2
0.5 3
1 3
1 3
0.5 2
0.5 3
1 3
1 2
0.5 2
0.5 3
1 3
0.5 2
0.5 3
1 3
0.5 2
0.5 1
1 0
1 1
1 0
0 1

// ---------- VERSE 1 ----------

1 1
0.5 2
0.5 3
0.25 2
0.25 3
0.25 0
0.75 1
0.5 0
0.5 1

0.5 0
0.5 3
0.5 2
0.25 3
0.25 2
0.25 1
0.75 0
0.5 1
0.5 0

0.5 1
0.5 2
0.5 3
0.25 2
0.25 3
0.25 0
0.75 1
0.5 0
0.5 1

// funny up-down bit
0.5 0
0.5 2
0.5 1
0.5 3
0.5 0
0.5 2
0.5 1
0.5 3

//--------------

0.5 1
0.5 2
0.5 3
0.25 2
0.25 3
0.25 0
0.75 1
0.5 0
0.5 1

0.5 0
0.5 3
0.5 2
0.25 3
0.25 2
0.25 1
0.75 0
0.5 1
0.5 0

0.5 1
0.5 2
0.5 3
0.25 2
0.25 3
0.25 0
0.75 1
0.5 0
0.5 1
0.5 2
1 2
1 2
1 2

//--------------

1 1
0.5 2
0.5 3
0.25 2
0.25 3
0.25 0
0.75 1
0.5 0
0.5 1

0.5 0
0.5 3
0.5 2
0.25 3
0.25 2
0.25 1
0.75 0
0.5 1
0.5 0

0.5 1
0.5 2
0.5 3
0.25 2
0.25 3
0.25 0
0.75 1
0.5 0
0.5 1

0.5 0
0.5 2
0.5 1
0.5 3
0.5 0
0.5 2
0.5 1
0.5 3

//--------------

0.5 1
0.5 2
0.5 3
0.25 2
0.25 3
0.25 0
0.75 1
0.5 0
0.5 1

0.5 0
0.5 3
0.5 2
0.25 3
0.25 2
0.25 1
0.75 0
0.5 1
0.5 0

0.5 1
0.5 2
0.5 3
0.25 2
0.25 3
0.25 0
0.75 1
0.5 0
0.5 1

0.5 2
1 3
1 2
0.25 3
0.25 2
0.25 3
0.25 0
0.25 1
0.25 0
0.25 1

// -------------- BREAK --------------

0.25 2
1 2
1 1
1.5 0
1.5 1
1.5 0
1.5 3

1 3
1 0
1.5 1
1.5 0
1.5 1
1.5 2

1 2
1 1
1.5 0
1.5 1
1.5 0
1.5 3

1 3
1 0
1.5 1
1.5 0
1 1
1 0

// ------------

1 1
0 2
0.5 3
0.5 0
0.5 3
0.25 0
0.25 3
0.5 2
0.5 1
0.5 3
0.5 0
0.5 2
0.5 1
1 0
1 1

1 0
1 2
0.5 0
1 1
1 1
0.5 0
1 2
0.5 0
1 1
1 1

// ---------------------------

0.5 3
0.5 2
0.5 1
0.5 2
0.25 1
0.25 2
0.5 3
0.5 0
0.5 2
0.5 1
0.5 3
0.5 0
1 1
1 0

1 1
1 3
0.5 1
1 1
0.5 0
0.25 3
0.25 2
0.25 1
0.25 0
1 1
1 0
1 1

// ---------- BUILDUP ------------

1 3
0 0
0.5 3
0.5 3
0 0
0.5 3
0.5 3
0 0
0.5 3
0.5 3
0 0

1 2
0 1
0.5 2
0.5 2
0 1
0.5 2
0.5 2
0 1
0.5 2
0.5 2
0 1

1 3
0 0
0.5 3
0.5 3
0 0
0.5 3
0.5 2
0 1
0.5 2
0.5 2
0 1
0.5 2
0.5 3
0 0
0.5 3
0.5 3
0 0
0.5 3
0.5 2
0 1
0.5 2
0.5 2
0 1

// -------------

1 3
0 0
0.5 3
0.5 3
0 0
1 3
0 0
1 3
0 0
0.5 3

0.5 2
0 1
0.5 2
0.5 2
0 1
0.5 2
0.5 2
0 1
0.5 2
0.5 2
0 1
0.5 2

0.5 3
0 0
0.5 3
0.5 3
0 0
0.5 3
0.5 3
0 0
0.5 3
0.5 3
0 0
0.5 3

0.5 2
0 1
0.5 2
0.5 2
0 1
0.5 2
0.5 2
0.25 3
0.25 2
0.25 3
0.25 0

// ------------------------------

1 1
0 2
0.5 1
0 2
0.5 1
0 2
0.5 1

0.5 2
0.5 0
0.5 3
0.5 1
0.5 2
0.5 0
0.5 3
0.5 1
0.5 2
0.5 0
0.5 3
0.5 1
0.5 2
0.5 0
0.5 3
0.5 1
0.5 2
0.5 0
0.5 3
0.5 1

0.5 0
0.5 2
0.5 1
0.5 3
0.5 0
0.5 2
0.5 1
0.5 3

// -------------------------------

0.5 1
0 2
0.5 2
0.5 3
0.25 2
0.25 3
0.25 0
0.75 1
0.5 0
0.5 1

0.5 0
0 3
0.5 3
0.5 2
0.25 3
0.25 2
0.25 1
0.75 0
0.5 1
0.5 0

0.5 1
0 2
0.5 2
0.5 3
0.25 2
0.25 3

0.5 0
0 3
0.5 3
0.5 2
0.25 3
0.25 2

0.5 3
1 3
1 3
1 3

// ------------- VERSE 2 ---------------

1 3
0.5 2
0.5 1
0.5 2
0.25 1
0.25 2
0.5 3
0.5 0
0.5 2
0.5 1
0.5 3
0.5 0
1 1
1 0

1 1
1 3
0.5 1
1 0
1 0
0.5 1
1 3
0.5 1
1 0
1 0

// ---------------------------

0.5 2
0.5 3
0.5 0
0.5 3
0.25 0
0.25 3
0.5 2
0.5 1
0.5 3
0.5 0
0.5 2
0.5 1
1 0
1 1

1 0
1 2
0.5 0
1 0
0.5 1
0.25 2
0.25 3
0.25 0
0.25 1

1 2
0.5 0
1 0
0.5 3
0.25 2
0.25 1
0.25 0

// ---------------------

0.25 3
0.5 2
0.5 1
0.5 2
0.25 1
0.25 2
0.5 3
0.5 0
0.5 2
0.5 1
0.5 3
0.5 0
1 1
1 0

1 1
1 3
0.5 1
1 0
1 0
0.5 1
1 3
0.5 1
1 0
0.5 1
0.5 2
0.5 3

1.5 2
0.25 3
0.25 0

0.5 3
0.25 2
0.25 1

0.5 2
0.25 3
0.25 0

0.5 3
0.25 2
0.25 1

0.5 2
0.25 3
0.25 1

0.5 3
0.25 2
0.25 0

0.5 2
0.25 3
0.25 1

0.75 3
0.25 2
0.25 3
0.25 2
0.25 1
0.25 2
0.25 1
0.25 2
0.25 1
0.25 0
0.25 1
0.25 0

0.25 1
1 0
1 3
1 0
0.25 1
0.25 2
0.25 3
0.25 0

// ------------- END --------------

0.25 1
0.5 2
0.5 3
0.25 2
0.25 3
0.25 0
0.75 1
0.5 0
0.5 1

0.5 0
0.5 3
0.5 2
0.25 3
0.25 2
0.25 1
0.75 0
0.5 1
0.5 0

0.5 1
0.5 2
0.5 3
0.25 2
0.25 3
0.25 0
0.75 1
0.5 0
0.5 1

// funny up-down bit
0.5 0
0.5 2
0.5 1
0.5 3
0.5 0
0.5 2
0.5 1
0.5 3

// ---------------------

0.5 1
0.5 2
0.5 3
0.25 2
0.25 3
0.25 0
0.75 1
0.5 0
0.5 1

0.5 0
0.5 3
0.5 2
0.25 3
0.25 2
0.25 1
0.75 0
0.5 1
0.5 0

0.5 1
0.5 2
0.5 3
0.25 2
0.25 3
0.25 0
0.75 1
0.5 0
0.5 1
0.5 2
1 2
1 2
1 2

// ---------------------

1 1
0 0
0.5 1
0 0
0.5 3
0.25 2
0.25 3
0.25 0
0.75 1
0.5 0
0.5 1

0.5 0
0.5 3
0.5 2
0.25 3
0.25 2
0.25 1
0.75 0
0.5 1
0.5 0

0.5 1
0.5 2
0.5 3
0.25 2
0.25 3
0.25 0
0.75 1
0.5 0
0.5 1

// funny up-down bit
0.5 0
0.5 2
0.5 1
0.5 3
0.5 0
0.5 2
0.5 1
0.5 3

// ----------------------------

0.5 1
0.5 2
0.5 3
0.25 2
0.25 3
0.25 0
0.75 1
0.5 0
0.5 1

0.5 0
0.5 3
0.5 2
0.25 3
0.25 2
0.25 1
0.75 0
0.5 1
0.5 0

0.5 1
0.5 2
0.5 3
0.25 2
0.25 3
0.25 0
0.75 1
0.5 0
0.5 1

0.5 2
1 3
1 2
0.25 3
0.25 2
0.25 3
0.25 0
1 0
0 1