180,0
// ---------- INTRO ----------
1 2
1 3
1 2
1 3
1 2
1 3
1 2
1 3
1 2
1 3
1 2
1 3
1 0
1 1
1 0
1 1
//-------------------
1 2
0 1
1 3
1 2
1 3
1 2
1 3
1 2
1 3
1 2
1 3
1 2
1 3
1 0
1 1
1 0
1 1
//-------------------
1 0
0 1
1 2
0 1
1 3
1 2
1 3
1 2
1 3
1 2
1 3
1 2
1 3
1 2
1 1
1 0
1 1
1 0
//----------------
1 3
0 0
1 2
1 3
1 2
1 3
1 2
1 3
1 2
1 3
1 2
1 3
1 2
1 1
1 0
1 1
1 0
0 1

// ---------- VERSE 1 ----------

1 1
1 2
0.5 1
1 1
0.5 2

1 1
1 2
0.5 1
1 1
0.5 2

1 1
1 2
0.5 1
1 1
0.5 2

1 1
1 3
1 0
1 2

//--------------

1 0
1 3
0.5 0
1 0
0.5 3

1 0
1 3
0.5 0
1 0
0.5 3

1 0
1 3
0.5 0
1 0
0.5 3

1 2
1 2
1 3
1 3

1 1
1 2
0.5 1
1 1
0.5 2

1 1
1 2
0.5 1
1 1
0.5 2

1 1
1 2
0.5 1
1 1
0.5 2

1 1
1 3
1 0
1 2

//--------------

1 0
1 3
0.5 0
1 0
0.5 3

1 0
1 3
0.5 0
1 0
0.5 3

1 0
1 3
0.5 0
1 0
0.5 3

1 2
1 3
1 2
0.5 2
0.5 3
0.5 3

// -------------- BREAK --------------

0.5 2
1 2
1 1
1.5 0
1.5 1
1.5 0
1.5 3

1 3
1 0
1.5 1
1.5 0
1.5 1
1.5 2

1 2
1 1
1.5 0
1.5 1
1.5 0
1.5 3

1 3
1 0
1.5 1
1.5 0
1 1
1 0

// ------------

1 0
0 3
0.5 2
0.5 3
0.5 2
0.5 3
0.5 1
0.5 0
0.5 3
0.5 2
0.5 1
0.5 0
1 1
1 0

1 1
1.5 2
1.5 3
1 0
1.5 3
1.5 2


1 2
0.5 3
0.5 2
0.5 3
0.5 2
0.5 0
0.5 1
0.5 2
0.5 3
0.5 0
0.5 1
1 0
1 1

1 0
1.5 3
1.5 2
1 1
1 3
1 2
1 0

// -------- BUILDUP -------------

1 0
0 3
1 3
1 3
1 3
1 1
0 2
1 2
1 2
1 2

1 0
0 3
1 3
1 2
1 2
1 1
0 2
1 2
1 3
1 3

1 0
0 3
1 3
1 0
0 3
1 3
1 1
0 2
1 2
1 1
0 2
1 2

1 0
0 3
1 3
1 0
0 3
1 3
1 1
0 2
1 3
0 0
1 1
0 2
1 3
0 0

// ---------------------------

1 0
0 1
1 0
0 1

1 2
1 1
1 3
1 0

1 2
1 1
1 3
1 0

1 2
1 1

1 0
1 2
1 3
1 1

// ---------------------------

1 1
0 2
1 2
0.5 1
1 1
0.5 2

1 0
0 3
1 3
0.5 0
1 0
0.5 3

1 2
0 1
1 2
1 3
0 0
1 3

1 0
1 1
1 2
1 3

// --------- VERSE 2 ---------------

1 3
0.5 2
0.5 3
0.5 2
0.5 3
0.5 1
0.5 0
0.5 3
0.5 2
0.5 1
0.5 0
1 1
1 0

1 1
1.5 2
1.5 3
1 0
1.5 3
1.5 2


1 2
0.5 3
0.5 2
0.5 3
0.5 2
0.5 0
0.5 1
0.5 2
0.5 3
0.5 0
0.5 1
1 0
1 1

1 0
1.5 3
1.5 2
1 1
1.5 2
1.5 3

1 2
0.5 3
0.5 2
0.5 3
0.5 2
0.5 0
0.5 1
0.5 2
0.5 3
0.5 0
0.5 1
1 0
1 1

1 0
1.5 3
1.5 2
1 1
1.5 2
1.5 3

1 2
2 3
1 0
1 1
1 2
1 3
1 0
1 1
1 0
0.5 0
0.5 1
0.5 1
0.5 0
0.5 0
0.5 1
1 2
1 3
1 0

// -----------------------

1 1
1 2
0.5 1
1 1
0.5 2

1 1
1 2
0.5 1
1 1
0.5 2

1 1
1 2
0.5 1
1 1
0.5 2

1 1
1 3
1 0
1 2

//--------------

1 0
1 3
0.5 0
1 0
0.5 3

1 0
1 3
0.5 0
1 0
0.5 3

1 0
1 3
0.5 0
1 0
0.5 3

1 2
1 2
1 3
1 3

// -----------------------

1 1
0 0
1 2
0 1
0.5 1
1 1
0.5 2

1 1
1 2
0.5 1
1 1
0.5 2

1 1
1 2
0.5 1
1 1
0.5 2

1 1
1 3
1 0
1 2

//--------------

1 0
0 1
1 3
0.5 0
1 0
0.5 3

1 0
1 3
0.5 0
1 0
0.5 3

1 0
1 3
0.5 0
1 0
0.5 3

1 2
1 3
1 2
1 3
0 2
1 0
0 1